210
44.2374988764094 128.366303164689
44.2966518480581 128.265079212375
44.23717389422 128.292374050353
44.2704580023481 128.20403028399
44.2291213319466 128.236861497341
44.2714842062593 128.158472846677
44.223390551778 128.20929949976
44.2721164904626 128.144639698312
44.2215389447372 128.196206577231
44.2644271632105 128.122904003789
44.2307746831027 128.164807809136
44.2997517950999 128.084699946598
44.2814607270139 128.144559005848
44.3474253455604 128.046880935023
44.3308380590507 128.096984958018
44.3913430884494 128.009145172986
44.372136812606 128.081945418571
44.4372409109797 127.934255812406
44.4626705249133 127.924058429056
44.6372913364798 127.642986311364
45.0129475682853 127.242986631697
45.5350671291146 126.436495024715
46.3582164439685 125.150332589173
47.4832980609789 123.096060065849
48.5993666227549 120.766478612123
49.4041255052745 118.666127339757
49.7374149374985 117.233565109519
49.8418313139576 116.472990640349
49.7190558836241 116.330709923608
49.7162530083366 116.354200646013
49.4535707306567 117.669391697203
48.6090810574834 120.991878717606
46.8623136235555 126.605492662176
44.6063677090966 133.174677605146
42.3658926346736 137.888050267139
40.3220795432415 140.647884382673
42.2158938323 134.909253813924
45.3467805067835 132.333257020978
48.1805392915184 129.628866829423
50.3473208603055 126.73346306338
50.7506254520673 124.920893019523
49.7901616779466 124.183081075129
48.3585723223454 124.894142574605
47.4181887837234 126.7620626421
47.5113197995026 128.41857699101
48.4466966762911 129.669114716187
49.690810275562 130.076484751862
51.7251205708126 129.397669962128
54.4133290617438 127.379504274497
57.7549870276688 123.878322895998
60.8428280191635 119.569043413035
63.0484880523711 116.084836171295
63.5287085251797 115.239119913556
63.2565387299674 115.362141827149
61.0764660676169 118.577564442532
57.3839717416594 124.100372221751
56.7324149937639 127.43220361312
57.377388893419 127.993224049362
58.9284285625847 128.495652537812
60.9060109195802 127.945777419344
63.1888264752827 125.700050892558
65.8517073489143 122.272009924925
68.7385179325354 117.880133322266
69.5196235592905 116.366514690648
69.3564719381577 116.270643587787
67.553354289398 118.810454967463
65.0770519430684 122.501174446208
63.3743288279013 125.702531392899
62.5799013939756 127.931942071385
62.5658588171602 128.787572527899
62.8690791682392 128.545099473941
64.0446245530128 126.70760914091
66.3638767609763 123.320528481151
67.6124746596088 122.250221482496
68.0612681545636 122.347636347128
68.0664607145614 123.11899856939
67.9247183955795 124.556689467449
68.3249495062942 126.150900848922
68.8584663875773 126.843690503844
69.1087051287697 126.889814290076
69.7345159101565 126.18435622079
70.7193967530622 125.257030561476
71.2458189528943 124.800592565135
71.2642091660109 124.874323781655
71.2828423237867 124.830538205682
71.2552784236106 124.955420281241
71.4768795395656 124.912643889394
72.0353521594383 124.653256937138
73.8731693713938 123.022900151006
76.6480777787065 120.467881803191
78.9852083860583 119.465174847333
79.170539660623 120.142177663556
76.8743531385695 124.207933383407
73.0664978689117 129.834212178323
69.5189320399581 134.812418437266
67.1431315167272 138.307263652151
67.2598811738855 140.082009314186
70.2334205146636 139.791970097654
75.1831171011026 137.304586127891
81.7807043008502 135.276911890562
85.3594960485145 131.016372753899
88.6521053317669 129.264412185833
91.1396016149567 127.80506023971
93.1581257662102 126.232937853434
94.231283 124.089319
94.5160855800224 122.186474461274
94.6550748966901 120.097561903097
95.0326323927609 118.493209137124
95.0204499865884 117.258577683573
94.5685165360195 116.533025381598
94.2075915753508 116.210537751196
93.8586086169026 115.848645966204
93.7175914903691 115.138506794097
93.6487006975158 113.987085147493
93.4178903306719 111.96195842978
93.0143528281181 110.439775886963
92.9566490871622 109.447525698085
92.2556702879829 108.822782593293
92.0129406707679 109.231612622811
90.8954390615471 111.931224187521
89.3036437220011 115.189200590866
87.6699435655799 118.072984266121
86.7338318461098 119.366751325804
86.3689738448844 119.819893921474
86.5453429374419 119.65821569228
87.1261018776201 118.637839700941
89.0047341185037 115.314899210994
91.6081029311558 110.25594415664
95.2695750806398 104.291314363236
98.0340731844133 100.346699190072
98.4601057969399 100.513735059495
98.6828547604559 101.386594537351
98.0212636801206 105.733417902327
96.2829530067162 110.530340308002
93.9051113656602 114.713986842664
91.6581932803711 117.79003512683
90.1887671060857 118.594447918664
89.5961022193831 118.136257614295
90.2412144384684 115.717752474256
91.913302685794 113.206224675149
92.6235080850436 113.338842839839
92.9883319457031 114.708435377364
92.9903151266431 116.551728407215
93.3718672099664 117.663456813165
94.2893311634481 118.087722631622
95.9327154671597 117.495899521232
99.4545127395863 115.589549711432
102.29621166248 112.501080797166
104.361663718284 111.144368895917
105.097374715659 112.356432068776
104.913009309047 112.439686320186
104.125803880188 112.165862118963
102.006880581906 113.50855292893
100.759280557683 115.165737558407
100.425186519692 115.929575406713
100.91590732001 116.563048048233
102.565804875046 117.105231655626
104.476699756224 116.110330633502
106.453159509029 114.12244192253
107.418699671025 113.213585305204
107.436773762572 113.021166060344
107.139391456224 113.18446132421
106.654346777031 113.687059352514
106.323853725668 114.260170109023
106.340276591174 114.554944871561
106.559106860965 114.625127726048
107.451457005713 113.750671937203
109.429350008552 112.230154764351
112.200740914132 108.977102908252
114.954916167533 105.269675436414
117.299277855274 101.793423881929
117.362156861886 101.634176247747
116.496206369349 102.51992249766
113.957079352741 106.004049497296
111.895984467255 109.862314558177
111.312767533946 111.169493918504
111.074825744824 112.111375186507
111.26577250579 112.136731694973
112.45187458102 111.090950637711
114.824645063828 108.979697606788
116.893599612617 107.270749209735
117.452216963181 107.654849576569
117.140083520083 108.693902558755
116.267710710111 110.661838588769
115.362696169075 112.126783755432
115.828226903494 111.586910870933
116.071578032726 111.621506351025
116.180099303832 111.990553995767
119.101155562136 110.060300144618
122.416441642714 109.075188211431
123.865045378489 108.528814941034
123.90116916439 108.839096708492
123.281067027385 109.825205115666
122.35601730878 111.341104227818
122.00487506216 112.066714439647
121.959750624172 112.265170258905
122.27234223299 111.995265710413
123.636307259204 110.568276985264
127.75813876061 107.902515404589
131.077416281486 105.571028094011
132.067748688346 105.192126048948
131.644896919482 105.689060796691
130.478453732487 106.432503660709
129.935148556779 107.13091782905
130.085903664533 107.22595032292
130.447270254478 107.252227028977
131.21704788353 106.81966906493
132.781330913839 106.702645379016
134.086358404858 106.485039459297
135.068892802511 106.272911962378
