157
102.916211 153.564916
102.923994 153.479100
102.915398 153.563146
102.920176 153.476548
102.907611 153.552144
102.891418 153.453617
102.874235 153.526553
102.886048 153.444773
102.890357 153.527661
102.897050 153.460414
102.883027 153.544534
102.894558 153.480479
102.890795 153.570031
102.895603 153.480457
102.885865 153.553215
102.906486 153.476045
102.894958 153.524299
102.932299 153.427696
102.959622 153.443361
102.985693 153.239730
103.327085 152.610748
104.397325 150.865604
105.487297 148.488168
106.540110 145.205221
107.193546 142.528653
107.234396 140.547182
107.098009 139.515824
106.894145 139.239853
106.881481 139.615680
107.184113 141.437639
107.701811 144.747291
108.779369 148.378455
109.614410 151.864537
110.200596 154.441578
110.565327 157.069825
110.286659 159.359931
109.540743 161.140298
108.498914 161.816444
107.316307 161.819600
106.404130 161.131216
106.052208 160.114713
106.314955 158.437767
106.931988 156.710827
108.090199 154.681523
109.549975 152.531151
110.498248 151.017326
112.270776 149.106730
113.353839 147.528397
113.797245 146.631315
113.636994 146.090388
113.252122 146.062463
112.482358 146.178241
111.379320 147.320066
110.281964 148.355744
110.179941 149.410712
110.560862 150.439004
111.550100 151.366422
113.124629 151.988148
114.814995 152.195404
116.468087 151.616202
118.270949 150.013550
119.435657 147.621966
120.392248 145.173259
120.909068 142.666743
120.920225 140.987119
120.668811 139.835187
120.368276 139.275874
120.296299 138.718021
120.381885 138.390791
120.584726 137.757148
120.759700 137.341493
120.639227 136.953785
120.629406 136.890920
120.646666 136.869959
120.718816 137.242222
120.651284 138.880232
120.774846 142.488437
120.893436 146.693698
121.311103 150.143288
121.615427 152.414812
122.004980 153.915980
122.386124 154.712604
122.650159 155.015705
122.599421 154.530771
122.396826 152.540257
122.137924 149.250629
121.721564 145.978750
121.125264 143.900047
120.612730 143.593462
120.251128 144.671472
120.441906 146.566642
121.370790 147.848241
122.803651 148.197365
124.750971 147.613530
126.497565 146.047678
127.974656 143.294130
129.001846 140.591536
129.441521 138.002400
129.390236 136.298043
129.136961 135.033287
128.841718 134.450627
128.744612 134.108733
128.828301 133.836967
128.978118 133.537431
129.054346 133.427946
129.012621 133.385918
128.801735 133.681553
128.300909 134.349158
127.657302 135.223642
127.274355 136.818973
127.364374 139.275911
127.876818 141.991860
128.516983 144.273644
129.212383 145.532470
129.860744 146.758913
130.365748 147.356957
130.486187 147.438987
130.586798 146.820356
130.860066 145.874485
131.359202 144.633007
132.239328 143.805584
132.789987 143.611085
133.404060 144.112801
133.918283 144.676580
134.577880 145.247007
135.609241 145.184872
136.895927 144.379885
137.818729 143.228347
138.447251 142.450883
138.642413 142.189564
138.844372 142.218902
139.134775 141.977601
139.653327 141.475076
140.094811 140.914936
140.533137 140.171068
140.808814 139.472582
140.943795 139.284539
140.984803 139.165839
141.102833 139.359580
141.323130 139.586265
141.657868 139.917828
141.996394 140.097689
142.307949 140.489300
142.705146 141.139510
143.154362 142.110435
143.548549 142.474646
143.833880 142.610230
144.105742 142.118036
144.554106 140.423780
145.337588 138.384740
145.487444 137.016982
145.203800 136.780334
144.972975 138.008972
144.946190 140.724741
146.021706 144.539387
147.357586 148.922018
147.838276 152.626152
