241
55.630772 156.480656
55.628609 156.418734
55.607160 156.492080
55.651677 156.423760
55.580703 156.473181
55.626316 156.399766
55.596154 156.466222
55.627789 156.395940
55.572735 156.471846
55.603318 156.422845
55.549917 156.475618
55.586809 156.405588
55.553651 156.470024
55.591898 156.382540
55.554092 156.448634
55.582921 156.379726
55.636336 156.482036
55.540926 156.356740
55.572063 156.438015
55.494374 156.295278
55.502147 156.338465
55.447863 156.223002
55.466194 156.301863
55.406924 156.190418
55.446992 156.270461
55.396080 156.133037
55.450764 156.185733
55.394133 156.077839
55.413116 156.127957
55.385556 156.029775
55.426904 156.073109
55.515578 156.003677
55.520376 155.944075
55.603821 155.560655
55.620394 155.121014
55.489029 153.415322
55.374589 150.915495
55.168132 147.387098
54.843357 143.949746
54.263881 141.417580
53.719681 140.050044
53.292408 139.676530
53.068808 139.784876
53.189958 140.456841
54.255134 144.455963
55.521494 150.502797
57.760636 158.454305
58.212777 164.195729
58.226076 168.993551
57.949395 171.372365
57.760759 171.837202
57.535160 171.337569
56.761995 168.931002
55.859193 165.002184
55.884153 161.853699
56.314247 158.627214
56.949245 155.757785
58.823095 153.738045
59.057309 151.595858
58.968204 150.103128
59.005355 150.072615
56.126088 149.462615
55.991029 151.204428
56.309624 152.818804
59.994322 154.947078
58.584343 153.937537
61.118556 153.693618
61.658373 151.181076
62.079180 148.151780
62.203284 143.509683
62.157842 137.786401
62.014368 132.555694
61.768570 130.777143
61.716082 131.094230
61.818298 135.788571
62.268581 143.492710
62.297657 150.859788
62.586479 156.050108
63.021482 158.926759
63.193545 159.442767
63.207957 159.030107
63.046789 156.864239
62.372110 153.180205
62.105806 150.842693
62.163521 150.725836
62.362809 150.615757
62.638314 150.475514
63.174634 149.400253
65.702454 147.623120
66.145586 143.889523
66.345759 138.174839
66.377302 132.934149
66.345538 131.476165
66.265427 131.835569
66.260567 135.915708
66.244988 140.822081
66.296169 144.874649
66.498588 146.512002
66.954105 147.059307
67.131561 146.534383
67.288192 144.265948
68.584167 140.245855
68.880895 138.112578
68.929385 138.069709
68.997654 139.311082
69.020347 141.504354
69.224582 142.534985
69.462704 142.615484
69.809152 142.323403
70.274575 139.973602
71.259749 136.254686
71.784051 133.144742
72.001435 132.577086
72.057366 132.962581
72.104940 135.412795
72.307360 137.884433
72.836659 140.682169
73.405542 142.227265
73.532535 143.154586
73.214616 143.319082
72.461930 144.625746
71.994252 145.609767
71.750682 146.729941
71.504843 148.865803
71.641514 151.918466
72.319011 154.634327
72.539793 156.781060
72.800661 156.796939
73.540629 154.462709
76.185807 149.060932
77.236167 142.932401
80.792070 137.740458
84.560354 133.627311
87.055600 130.442328
87.205525 128.597838
85.754049 127.193609
82.683155 126.483209
80.187282 125.800718
79.818896 124.933139
80.212245 124.178675
80.944753 123.310793
81.199784 123.495193
81.217990 123.924031
80.999024 124.180533
80.537623 124.671584
80.024100 124.607786
79.099694 124.491606
78.894791 124.085221
78.624076 123.458448
78.277523 122.330236
77.829276 121.495682
77.159572 120.680960
76.570453 120.169390
76.247801 120.048664
75.559234 120.589293
75.319336 121.698351
75.440047 124.274476
75.686158 127.444246
75.711788 130.120974
75.662012 131.176615
75.715919 131.417571
75.565699 130.983110
75.350972 129.964076
75.018270 126.609416
74.835969 121.482524
74.482952 114.885422
74.766396 109.623385
75.410290 107.784302
74.903299 109.041155
78.143704 113.856540
78.381149 119.659583
78.255219 124.569885
77.660502 128.511627
76.360204 129.615308
76.219020 129.789398
76.098631 128.366644
75.974243 124.633426
77.924981 122.403122
78.236372 122.108918
78.395365 122.636988
78.710655 123.734179
79.126226 124.509418
79.805878 124.762145
80.992638 124.561625
81.698894 122.868247
82.495885 119.496857
83.775960 117.508713
84.374248 116.241468
84.567246 116.077770
84.259033 116.229547
83.434336 117.824902
82.748859 119.762279
82.618018 120.932823
83.075708 121.359381
83.767213 121.242711
85.087778 120.036301
85.989854 117.616587
86.863299 113.826736
87.381379 108.472958
87.236166 102.426162
86.692365 99.982899
86.335610 99.992576
85.928457 102.021726
85.935381 107.283847
85.978601 110.441744
86.246855 113.062918
86.553232 114.484827
86.707145 114.337339
86.810291 113.205988
87.022520 110.038737
87.305619 109.131081
87.009228 109.090831
88.448321 110.692200
88.917231 112.679756
89.258600 113.843216
89.655461 114.187259
89.836112 114.077268
90.058661 113.123166
90.725705 110.355286
91.919633 106.548481
92.444582 105.787077
92.666863 106.850005
92.548998 107.997818
92.106139 109.308903
92.022083 110.746334
92.013598 111.222916
92.160917 111.205511
92.322150 110.613356
92.629176 108.827828
94.082910 105.751605
95.855038 102.967149
96.452208 103.139175
96.572466 103.502520
96.404197 104.308271
96.240927 104.391417
96.316820 104.627892
96.646065 104.704420
97.261341 104.400217
98.349982 104.320810
99.766123 102.218032
100.582415 100.918124
