155
59.133887 154.181085
59.146472 154.099730
59.128255 154.153983
59.200460 154.155106
59.206990 154.256125
59.290416 154.399232
59.387969 154.669511
59.418930 154.715742
59.461317 154.825778
59.464052 154.794370
59.455979 154.830108
59.484391 154.790875
59.477307 154.782172
59.483270 154.741761
59.457994 154.766549
59.428139 154.685949
59.440261 154.697106
59.412545 154.626541
59.431938 154.719111
59.462189 154.710756
59.491646 154.801070
59.477473 154.799659
59.480860 154.906986
59.565544 154.938849
59.530791 154.920501
59.581817 154.902622
59.537628 154.895003
59.576705 154.865958
59.546877 154.905636
59.589629 154.886560
59.529861 154.891984
59.568304 154.854104
59.546085 154.838608
59.556316 154.795798
59.520865 154.805528
59.512278 154.767182
59.475716 154.772968
59.482642 154.761883
59.483057 154.803641
59.476060 154.760133
59.504806 154.829898
59.532675 154.858683
59.547471 154.999521
59.710968 155.466386
59.812488 155.987117
59.867348 156.049848
59.873035 156.065475
59.872577 155.984195
59.787758 155.866670
59.560414 154.909003
59.117461 153.718812
58.646548 152.730379
58.018464 152.061893
57.483445 151.756095
56.921178 151.940929
56.338132 152.607378
55.426558 154.320228
54.680858 157.272094
54.981671 161.346379
55.791197 164.510634
57.017136 166.045406
58.760683 166.427830
61.340409 165.165056
63.856925 161.060249
65.950330 155.896796
66.807970 149.625815
66.572378 144.186910
66.014151 141.476703
65.725615 141.033601
65.574438 141.587128
65.323368 144.046317
65.765605 146.995384
67.140815 150.988281
68.878288 153.363437
70.652784 155.382085
71.507996 156.672542
71.466072 157.566575
70.754696 158.003354
69.000182 158.260107
66.475801 158.031561
64.171037 157.718603
62.832747 157.298495
62.862923 157.411168
63.802091 157.620443
65.695676 157.874846
68.012937 156.974669
70.777117 155.516893
72.937006 153.550147
74.266520 151.474125
74.710592 149.701379
74.603996 149.117603
74.462867 149.207069
74.228282 150.531720
74.248521 152.839524
74.849774 154.307803
75.847429 154.614954
76.685869 153.690948
77.691968 150.301169
78.265405 146.150489
78.164566 140.931995
77.007514 135.012456
76.595762 132.297363
76.435981 132.297254
76.268196 133.555119
76.112515 137.428391
77.566157 142.695863
79.213181 147.411354
81.234384 150.153103
83.096082 151.668478
84.260211 151.707872
84.798120 150.685250
84.946838 149.148829
85.084668 148.244179
85.297194 147.800818
85.392285 148.062779
85.842490 148.969309
87.043419 150.839619
89.345559 153.717626
92.002805 157.253451
93.944763 160.221813
94.488765 162.715793
93.849778 164.690980
92.270360 165.904887
90.084434 166.142686
87.781191 165.211825
85.492788 162.244358
84.367176 158.129087
84.219871 152.941508
85.014324 148.537551
85.692311 144.063718
86.005252 141.301940
86.585871 140.166459
86.875719 140.661868
87.351328 141.818280
87.808026 142.803956
88.554846 143.291714
89.206288 143.568030
89.687997 143.287759
90.385799 142.650516
90.062051 141.070667
89.553152 139.401963
88.882881 137.306775
88.736621 136.659079
88.797353 136.825696
89.020914 137.737250
89.467663 138.486477
90.322184 138.961663
92.385007 138.604116
95.281283 136.955209
99.476096 133.750758
104.568813 129.894225
109.639338 125.824405
113.458042 122.754049
115.720693 120.725960
116.607096 120.033127
