210
53.073888 152.790188
53.074504 152.672949
53.036642 152.726326
53.021295 152.633176
53.001912 152.682277
52.999405 152.593209
52.983168 152.661273
52.993036 152.580913
52.975018 152.650860
52.975509 152.565934
52.967317 152.619050
52.986999 152.515186
53.001088 152.576171
53.009376 152.458597
53.020063 152.510282
53.028542 152.403958
53.048309 152.476608
53.030846 152.316153
53.047770 152.294607
53.058460 151.963881
53.183788 151.429643
53.232711 150.470141
53.302498 148.944717
53.249711 146.603124
53.051464 144.027613
52.698230 141.806276
52.270586 140.398996
51.980726 139.688111
51.803259 139.626280
51.812577 139.648025
52.242683 140.918355
53.172577 144.217958
54.466639 149.952874
55.797525 156.769928
56.213903 161.972066
55.823826 165.384059
54.594602 159.467352
56.018031 155.671030
57.119943 151.912080
57.548729 148.321196
56.991716 146.549812
55.791024 146.391080
54.906762 147.722672
55.026326 149.810530
55.935237 151.198548
57.370566 151.813857
58.651685 151.544593
60.074042 149.939567
61.393016 146.847680
62.536386 142.144739
63.055895 136.868873
63.223949 132.748631
63.216974 131.776109
63.042779 132.018734
62.762492 135.893408
62.326102 142.522547
63.427753 145.733776
64.266827 145.897147
65.861281 145.556743
67.298980 144.091746
68.153093 141.005482
68.745195 136.705271
69.049308 131.458389
68.968956 129.757004
68.779727 129.755553
68.488087 132.856653
68.188906 137.291061
68.314983 140.914879
68.741694 143.242819
69.157348 143.990838
69.298708 143.629240
69.398015 141.450154
69.713006 137.357230
70.259170 135.806018
70.696544 135.665985
71.086722 136.331408
71.682815 137.647356
72.826531 138.827868
73.634965 139.161083
73.874740 139.075908
74.063979 138.152058
74.453248 136.856530
74.680924 136.198032
74.733716 136.252690
74.727960 136.205454
74.766530 136.327387
74.937054 136.179541
75.291012 135.675669
76.067430 133.344830
77.193062 129.744665
78.715723 127.707730
79.214726 128.201366
79.259048 132.870507
78.774488 139.646935
78.191309 145.731971
77.881228 149.946496
78.869709 151.425096
81.299850 149.687145
84.342721 145.058159
89.042562 140.003348
90.011617 134.524217
91.987120 131.360670
93.411679 128.853086
94.373711 126.482326
94.231283 124.089319
93.526507 122.299006
92.602419 120.420460
92.127217 118.842271
91.499351 117.779140
90.745189 117.376760
90.271375 117.277940
89.788201 117.139024
89.311007 116.594534
88.675635 115.631819
87.463184 113.993413
86.352619 112.876933
85.806521 112.046471
84.887084 111.855917
84.881289 112.331339
85.263310 115.228022
85.513763 118.845410
85.540829 122.159690
85.377016 123.748181
85.287611 124.323043
85.359512 124.094841
85.352276 122.920790
85.317749 119.103723
85.042855 113.420855
85.231468 106.424598
85.653286 101.626212
86.105759 101.557853
86.735095 102.202397
88.335552 106.297652
89.228592 111.321064
89.261144 116.133129
88.853280 119.920524
87.982926 121.351879
87.240568 121.251407
86.589999 118.834364
86.782306 115.823273
87.463671 115.583021
88.464414 116.586711
89.387778 118.182058
90.274076 118.954067
91.280756 118.862760
92.408057 117.528534
94.504848 114.116688
95.421597 110.021146
96.531975 107.813473
97.775151 108.495295
97.657113 108.659578
96.838461 108.816042
95.674765 111.038308
95.422904 113.097272
95.515489 113.925822
96.257202 114.229065
97.957147 113.873661
99.114580 112.056604
99.832300 109.346812
100.214054 108.076949
100.133497 107.901272
99.957604 108.191381
99.788842 108.869166
99.789182 109.530741
99.950792 109.777812
100.175396 109.729177
100.510966 108.525701
101.463613 106.219948
102.237182 102.017027
102.768654 97.429213
103.060805 93.246510
103.035636 93.077158
102.728574 94.277212
102.271689 98.564118
102.415861 102.936021
102.564370 104.359680
102.829247 105.294344
103.007290 105.220830
103.511594 103.722106
104.510847 100.707322
105.448140 98.192852
106.123967 98.246184
106.373178 99.302097
106.601649 101.442566
106.550356 103.163753
106.683581 102.463444
106.911627 102.371729
107.190133 102.637073
108.754715 99.504896
111.133281 96.994121
112.114622 95.796646
112.301047 96.047296
112.257077 97.211342
112.213910 98.986674
112.272617 99.790642
112.332766 99.985072
112.468526 99.595032
112.936260 97.677241
115.172990 93.307708
116.881825 89.628942
117.550027 88.805637
117.432294 89.447421
116.793846 90.674483
116.672537 91.550980
116.850611 91.557903
117.176702 91.399976
117.627070 90.640481
118.923267 89.756994
119.944651 88.916028
120.689487 88.241053
